     0.00000000000        0.130825904879    
    0.140805046643E-01    0.130854162353    
    0.281610093286E-01    0.130939316265    
    0.422415139929E-01    0.131081312131    
    0.563220186572E-01    0.131280258537    
    0.704025233215E-01    0.131536306640    
    0.844830279858E-01    0.131849649308    
    0.985635326501E-01    0.132220519983    
    0.112644037314        0.132649191292    
    0.126724541979        0.133135973370    
    0.140805046643        0.133681211888    
    0.154885551307        0.134285285801    
    0.168966055972        0.134948604746    
    0.183046560636        0.135671606130    
    0.197127065300        0.136454751852    
    0.211207569964        0.137298524661    
    0.225288074629        0.138203424123    
    0.239368579293        0.139169962171    
    0.253449083957        0.140198658232    
    0.267529588622        0.141290033895    
    0.281610093286        0.142444607103    
    0.295690597950        0.143662885845    
    0.309771102614        0.144945361336    
    0.323851607279        0.146292500648    
    0.337932111943        0.147704738787    
    0.352012616607        0.149182470186    
    0.366093121272        0.150726039611    
    0.380173625936        0.152335732452    
    0.394254130600        0.154011764400    
    0.408334635265        0.155754270506    
    0.422415139929        0.157563293606    
    0.436495644593        0.159438772141    
    0.450576149257        0.161380527356    
    0.464656653922        0.163388249922    
    0.478737158586        0.165461485996    
    0.492817663250        0.167599622751    
    0.506898167915        0.169801873443    
    0.520978672579        0.172067262050    
    0.535059177243        0.174394607568    
    0.549139681907        0.176782508053    
    0.563220186572        0.179229324492    
    0.577300691236        0.181733164629    
    0.591381195900        0.184291866868    
    0.605461700565        0.186902984402    
    0.619542205229        0.189563769726    
    0.633622709893        0.192271159707    
    0.647703214558        0.195021761414    
    0.661783719222        0.197811838903    
    0.675864223886        0.200637301180    
    0.689944728550        0.203493691588    
    0.704025233215        0.206376178842    
    0.718105737879        0.209279549990    
    0.732186242543        0.212198205529    
    0.746266747208        0.215126156969    
    0.760347251872        0.218057027079    
    0.774427756536        0.220984053086    
    0.788508261201        0.223900093059    
    0.802588765865        0.226797635720    
    0.816669270529        0.229668813885    
    0.830749775193        0.232505421707    
    0.844830279858        0.235298935894    
    0.858910784522        0.238040540991    
    0.872991289186        0.240721158812    
    0.887071793851        0.243331482026    
    0.901152298515        0.245862011876    
    0.915232803179        0.248303099928    
    0.929313307843        0.250644993687    
    0.943393812508        0.252877885873    
    0.957474317172        0.254991967039    
    0.971554821836        0.256977481198    
    0.985635326501        0.258824784005    
    0.999715831165        0.260524403010    
     1.01379633583        0.262067099432    
     1.02787684049        0.263443930808    
     1.04195734516        0.264646313903    
     1.05603784982        0.265666087109    
     1.07011835449        0.266495571657    
     1.08419885915        0.267127630841    
     1.09827936381        0.267555726516    
     1.11235986848        0.267773972074    
     1.12644037314        0.267777181207    
     1.14052087781        0.267560911702    
     1.15460138247        0.267121503632    
     1.16868188714        0.266456111454    
     1.18276239180        0.265562728931    
     1.19684289647        0.264440208988    
     1.21092340113        0.263088272861    
     1.22500390579        0.261507510692    
     1.23908441046        0.259699379552    
     1.25316491512        0.257666190145    
     1.26724541979        0.255411086519    
     1.28132592445        0.252938018144    
     1.29540642912        0.250251704883    
     1.30948693378        0.247357595314    
     1.32356743844        0.244261818946    
     1.33764794311        0.240971132994    
     1.35172844777        0.237492864432    
     1.36580895244        0.233834848119    
     1.37988945710        0.230005361834    
     1.39396996177        0.226013059095    
     1.40805046643        0.221866900652    
     1.42213097109        0.217576085536    
     1.43621147576        0.213149982557    
     1.45029198042        0.208598063088    
     1.46437248509        0.203929835807    
     1.47845298975        0.199154784898    
     1.49253349442        0.194282309639    
     1.50661399908        0.189321669779    
     1.52069450374        0.184281938478    
     1.53477500841        0.179171955679    
     1.54885551307        0.174000288695    
     1.56293601774        0.168775198565    
     1.57701652240        0.163504612223    
     1.59109702707        0.158196100660    
     1.60517753173        0.152856863071    
     1.61925803639        0.147493716875    
     1.63333854106        0.142113093446    
     1.64741904572        0.136721039315    
     1.66149955039        0.131323222521    
     1.67558005505        0.125924943730    
     1.68966055972        0.120531151621    
     1.70374106438        0.115146462154    
     1.71782156904        0.109775180820    
     1.73190207371        0.104421328015    
     1.74598257837        0.990886646554E-01
     1.76006308304        0.937807188131E-01
     1.77414358770        0.885007981737E-01
     1.78822409237        0.832520011345E-01
     1.80230459703        0.780372260729E-01
     1.81638510169        0.728591806344E-01
     1.83046560636        0.677203905749E-01
     1.84454611102        0.626232083078E-01
     1.85862661569        0.575698210964E-01
     1.87270712035        0.525622589398E-01
     1.88678762502        0.476024021390E-01
     1.90086812968        0.426919885624E-01
     1.91494863434        0.378326206198E-01
     1.92902913901        0.330257719454E-01
     1.94310964367        0.282727937992E-01
     1.95719014834        0.235749212083E-01
     1.97127065300        0.189332788433E-01
     1.98535115767        0.143488866338E-01
     1.99943166233        0.982266514695E-02
     2.01351216699        0.535544073364E-02
     2.02759267166        0.947950442874E-03
     2.04167317632       -0.339915328666E-02
     2.05575368099       -0.768529813716E-02
     2.06983418565       -0.119099876289E-01
     2.08391469032       -0.160727970369E-01
     2.09799519498       -0.201733694928E-01
     2.11207569964       -0.242114122641E-01
     2.12615620431       -0.281866932090E-01
     2.14023670897       -0.320990373959E-01
     2.15431721364       -0.359483238833E-01
     2.16839771830       -0.397344826518E-01
     2.18247822297       -0.434574916823E-01
     2.19655872763       -0.471173741740E-01
     2.21063923229       -0.507141958960E-01
     2.22471973696       -0.542480626670E-01
     2.23880024162       -0.577191179577E-01
     2.25288074629       -0.611275406082E-01
     2.26696125095       -0.644735426608E-01
     2.28104175562       -0.677573672991E-01
     2.29512226028       -0.709792868850E-01
     2.30920276494       -0.741396010958E-01
     2.32328326961       -0.772386351534E-01
     2.33736377427       -0.802767381450E-01
     2.35144427894       -0.832542814244E-01
     2.36552478360       -0.861716570946E-01
     2.37960528827       -0.890292765673E-01
     2.39368579293       -0.918275691984E-01
     2.40776629759       -0.945669809893E-01
     2.42184680226       -0.972479733552E-01
     2.43592730692       -0.998710219567E-01
     2.45000781159       -0.102436615593    
     2.46408831625       -0.104945255150    
     2.47816882092       -0.107397452607    
     2.49224932558       -0.109793730090    
     2.50632983024       -0.112134618976    
     2.52041033491       -0.114420659049    
     2.53449083957       -0.116652397690    
     2.54857134424       -0.118830389122    
     2.56265184890       -0.120955193685    
     2.57673235357       -0.123027377155    
     2.59081285823       -0.125047510100    
     2.60489336289       -0.127016167266    
     2.61897386756       -0.128933926998    
     2.63305437222       -0.130801370696    
     2.64713487689       -0.132619082296    
     2.66121538155       -0.134387647779    
     2.67529588622       -0.136107654714    
     2.68937639088       -0.137779691814    
     2.70345689554       -0.139404348533    
     2.71753740021       -0.140982214662    
     2.73161790487       -0.142513879981    
     2.74569840954       -0.143999933883    
     2.75977891420       -0.145440965152    
     2.77385941887       -0.146837561483    
     2.78793992353       -0.148190309041    
     2.80202042819       -0.149499792940    
     2.81610093286       -0.150766596663    
     2.83018143752       -0.151991302072    
     2.84426194219       -0.153174488344    
     2.85834244685       -0.154316731881    
     2.87242295152       -0.155418606465    
     2.88650345618       -0.156480682875    
     2.90058396084       -0.157503528798    
     2.91466446551       -0.158487708598    
     2.92874497017       -0.159433783222    
     2.94282547484       -0.160342310041    
     2.95690597950       -0.161213842727    
     2.97098648417       -0.162048931132    
     2.98506698883       -0.162848121177    
     2.99914749349       -0.163611954742    
     3.01322799816       -0.164340969578    
     3.02730850282       -0.165035699208    
     3.04138900749       -0.165696672850    
     3.05546951215       -0.166324415339    
     3.06955001682       -0.166919447052    
     3.08363052148       -0.167482283851    
     3.09771102614       -0.168013437016    
     3.11179153081       -0.168513413196    
     3.12587203547       -0.168982714359    
     3.13995254014       -0.169421837747    
     3.15403304480       -0.169831275837    
     3.16811354947       -0.170211516309    
     3.18219405413       -0.170563042009    
     3.19627455879       -0.170886330928    
     3.21035506346       -0.171181856175    
     3.22443556812       -0.171450085960    
     3.23851607279       -0.171691483576    
     3.25259657745       -0.171906507388    
     3.26667708212       -0.172095610822    
     3.28075758678       -0.172259242358    
     3.29483809144       -0.172397845526    
     3.30891859611       -0.172511858906    
     3.32299910077       -0.172601716129    
     3.33707960544       -0.172667845878    
     3.35116011010       -0.172710671897    
     3.36524061477       -0.172730612997    
     3.37932111943       -0.172728083067    
     3.39340162410       -0.172703491086    
     3.40748212876       -0.172657241136    
     3.42156263342       -0.172589732417    
     3.43564313809       -0.172501359268    
     3.44972364275       -0.172392511181    
     3.46380414742       -0.172263572824    
     3.47788465208       -0.172114924062    
     3.49196515675       -0.171946939980    
     3.50604566141       -0.171759990906    
     3.52012616607       -0.171554442444    
     3.53420667074       -0.171330655475    
     3.54828717540       -0.171088986227    
     3.56236768007       -0.170829786239    
     3.57644818473       -0.170553402569    
     3.59052868940       -0.170260177522    
     3.60460919406       -0.169950448982    
     3.61868969872       -0.169624549861    
     3.63277020339       -0.169282809111    
     3.64685070805       -0.168925551010    
     3.66093121272       -0.168553096292    
     3.67501171738       -0.168165760512    
     3.68909222205       -0.167763854842    
     3.70317272671       -0.167347686113    
     3.71725323137       -0.166917556002    
     3.73133373604       -0.166473762858    
     3.74541424070       -0.166016600557    
     3.75949474537       -0.165546359453    
     3.77357525003       -0.165063325239    
     3.78765575470       -0.164567779690    
     3.80173625936       -0.164060000298    
     3.81581676402       -0.163540260699    
     3.82989726869       -0.163008830504    
     3.84397777335       -0.162465975373    
     3.85805827802       -0.161911957090    
     3.87213878268       -0.161347033540    
     3.88621928735       -0.160771458787    
     3.90029979201       -0.160185483104    
     3.91438029667       -0.159589353011    
     3.92846080134       -0.158983311319    
     3.94254130600       -0.158367597161    
     3.95662181067       -0.157742446040    
     3.97070231533       -0.157108089861    
     3.98478282000       -0.156464756972    
     3.99886332466       -0.155812672207    
     4.01294382932       -0.155152056920    
     4.02702433399       -0.154483129026    
     4.04110483865       -0.153806103039    
     4.05518534332       -0.153121190111    
     4.06926584798       -0.152428598073    
     4.08334635265       -0.151728531468    
     4.09742685731       -0.151021191596    
     4.11150736197       -0.150306776546    
     4.12558786664       -0.149585481239    
     4.13966837130       -0.148857497461    
     4.15374887597       -0.148123013905    
     4.16782938063       -0.147382216208    
     4.18190988530       -0.146635286984    
     4.19599038996       -0.145882405866    
     4.21007089462       -0.145123749541    
     4.22415139929       -0.144359491785    
     4.23823190395       -0.143589803503    
     4.25231240862       -0.142814852761    
     4.26639291328       -0.142034804828    
     4.28047341795       -0.141249822203    
     4.29455392261       -0.140460064658    
     4.30863442727       -0.139665689270    
     4.32271493194       -0.138866850456    
     4.33679543660       -0.138063700009    
     4.35087594127       -0.137256387131    
     4.36495644593       -0.136445058467    
     4.37903695060       -0.135629858140    
     4.39311745526       -0.134810927783    
     4.40719795992       -0.133988406576    
     4.42127846459       -0.133162431274    
     4.43535896925       -0.132333136242    
     4.44943947392       -0.131500653489    
     4.46351997858       -0.130665112698    
     4.47760048325       -0.129826641258    
     4.49168098791       -0.128985364296    
     4.50576149257       -0.128141404710    
     4.51984199724       -0.127294883196    
     4.53392250190       -0.126445918282    
     4.54800300657       -0.125594626359    
     4.56208351123       -0.124741121707    
     4.57616401590       -0.123885516527    
     4.59024452056       -0.123027920972    
     4.60432502522       -0.122168443176    
     4.61840552989       -0.121307189278    
     4.63248603455       -0.120444263457    
     4.64656653922       -0.119579767958    
     4.66064704388       -0.118713803116    
     4.67472754855       -0.117846467391    
     4.68880805321       -0.116977857389    
     4.70288855787       -0.116108067893    
     4.71696906254       -0.115237191886    
     4.73104956720       -0.114365320581    
     4.74513007187       -0.113492543447    
     4.75921057653       -0.112618948233    
     4.77329108120       -0.111744620993    
     4.78737158586       -0.110869646113    
     4.80145209052       -0.109994106337    
     4.81553259519       -0.109118082788    
     4.82961309985       -0.108241654996    
     4.84369360452       -0.107364900920    
     4.85777410918       -0.106487896973    
     4.87185461385       -0.105610718044    
     4.88593511851       -0.104733437524    
     4.90001562317       -0.103856127325    
     4.91409612784       -0.102978857906    
     4.92817663250       -0.102101698293    
     4.94225713717       -0.101224716106    
     4.95633764183       -0.100347977571    
     4.97041814650       -0.994715475542E-01
     4.98449865116       -0.985954895721E-01
     4.99857915582       -0.977198658190E-01
     5.01265966049       -0.968447371860E-01
     5.02674016515       -0.959701632810E-01
     5.04082066982       -0.950962024496E-01
     5.05490117448       -0.942229117946E-01
     5.06898167915       -0.933503471961E-01
     5.08306218381       -0.924785633304E-01
     5.09714268847       -0.916076136897E-01
     5.11122319314       -0.907375506006E-01
     5.12530369780       -0.898684252431E-01
     5.13938420247       -0.890002876687E-01
     5.15346470713       -0.881331868189E-01
     5.16754521180       -0.872671705429E-01
     5.18162571646       -0.864022856153E-01
     5.19570622112       -0.855385777539E-01
     5.20978672579       -0.846760916362E-01
     5.22386723045       -0.838148709169E-01
     5.23794773512       -0.829549582446E-01
     5.25202823978       -0.820963952778E-01
     5.26610874445       -0.812392227020E-01
     5.28018924911       -0.803834802450E-01
     5.29426975377       -0.795292066932E-01
     5.30835025844       -0.786764399070E-01
     5.32243076310       -0.778252168362E-01
     5.33651126777       -0.769755735352E-01
     5.35059177243       -0.761275451778E-01
     5.36467227710       -0.752811660722E-01
     5.37875278176       -0.744364696752E-01
     5.39283328642       -0.735934886068E-01
     5.40691379109       -0.727522546641E-01
     5.42099429575       -0.719127988355E-01
     5.43507480042       -0.710751513138E-01
     5.44915530508       -0.702393415106E-01
     5.46323580975       -0.694053980686E-01
     5.47731631441       -0.685733488758E-01
     5.49139681907       -0.677432210773E-01
     5.50547732374       -0.669150410890E-01
     5.51955782840       -0.660888346094E-01
     5.53363833307       -0.652646266325E-01
     5.54771883773       -0.644424414598E-01
     5.56179934240       -0.636223027121E-01
     5.57587984706       -0.628042333414E-01
     5.58996035173       -0.619882556429E-01
     5.60404085639       -0.611743912658E-01
     5.61812136105       -0.603626612252E-01
     5.63220186572       -0.595530859130E-01
     5.64628237038       -0.587456851088E-01
     5.66036287505       -0.579404779906E-01
     5.67444337971       -0.571374831458E-01
     5.68852388438       -0.563367185812E-01
     5.70260438904       -0.555382017337E-01
     5.71668489370       -0.547419494800E-01
     5.73076539837       -0.539479781471E-01
     5.74484590303       -0.531563035218E-01
     5.75892640770       -0.523669408604E-01
     5.77300691236       -0.515799048986E-01
     5.78708741703       -0.507952098601E-01
     5.80116792169       -0.500128694668E-01
     5.81524842635       -0.492328969474E-01
     5.82932893102       -0.484553050460E-01
     5.84340943568       -0.476801060317E-01
     5.85748994035       -0.469073117067E-01
     5.87157044501       -0.461369334152E-01
     5.88565094968       -0.453689820512E-01
     5.89973145434       -0.446034680678E-01
     5.91381195900       -0.438404014844E-01
     5.92789246367       -0.430797918952E-01
     5.94197296833       -0.423216484768E-01
     5.95605347300       -0.415659799965E-01
     5.97013397766       -0.408127948192E-01
     5.98421448233       -0.400621009155E-01
     5.99829498699       -0.393139058688E-01
     6.01237549165       -0.385682168826E-01
     6.02645599632       -0.378250407879E-01
     6.04053650098       -0.370843840498E-01
     6.05461700565       -0.363462527750E-01
     6.06869751031       -0.356106527182E-01
     6.08277801498       -0.348775892889E-01
     6.09685851964       -0.341470675581E-01
     6.11093902430       -0.334190922648E-01
     6.12501952897       -0.326936678223E-01
     6.13910003363       -0.319707983245E-01
     6.15318053830       -0.312504875520E-01
     6.16726104296       -0.305327389785E-01
     6.18134154763       -0.298175557764E-01
     6.19542205229       -0.291049408229E-01
     6.20950255695       -0.283948967058E-01
     6.22358306162       -0.276874257291E-01
     6.23766356628       -0.269825299186E-01
     6.25174407095       -0.262802127882E-01
     6.26582457561       -0.255804715502E-01
     6.27990508028       -0.248833095691E-01
     6.29398558494       -0.241887280920E-01
     6.30806608960       -0.234967281706E-01
     6.32214659427       -0.228073390672E-01
     6.33622709893       -0.221204978993E-01
     6.35030760360       -0.214362326509E-01
     6.36438810826       -0.207545460622E-01
     6.37846861293       -0.200754416036E-01
     6.39254911759       -0.193989227098E-01
     6.40662962225       -0.187249930416E-01
     6.42071012692       -0.180536505742E-01
     6.43479063158       -0.173848946561E-01
     6.44887113625       -0.167187204444E-01
     6.46295164091       -0.160551201507E-01
     6.47703214558       -0.153940838383E-01
     6.49111265024       -0.147349717850E-01
     6.50519315490       -0.140792994243E-01
     6.51927365957       -0.134262986892E-01
     6.53335416423       -0.127758943341E-01
     6.54743466890       -0.121280164816E-01
     6.56151517356       -0.114867427271E-01
     6.57559567823       -0.108431960219E-01
     6.58967618289       -0.102013576410E-01
     6.60375668755       -0.956190092821E-02
     6.61783719222       -0.892586884851E-02
     6.63191769688       -0.829462740427E-02
     6.64599820155       -0.765262589110E-02
     6.66007870621       -0.703941298917E-02
     6.67415921088       -0.644000949386E-02
     6.68823971554       -0.585451977123E-02
     6.70232022020       -0.528216334966E-02
     6.71640072487       -0.472151206932E-02
     6.73048122953       -0.418566029848E-02
     6.74456173420       -0.364027705900E-02
     6.75864223886       -0.309931209789E-02
     6.77272274353       -0.256459982627E-02
     6.78680324819       -0.204038882880E-02
     6.80088375285       -0.153357567763E-02
     6.81496425752       -0.102518665859E-02
     6.82904476218       -0.589226144453E-03
     6.84312526685       -0.213689352583E-03
     6.85720577151        0.877236439433E-04
     6.87128627618        0.302803233801E-03
     6.88536678084        0.422193559075E-03
     6.89944728550        0.374669468793E-03
     6.91352779017        0.299395538572E-03
     6.92760829483        0.153877144736E-03
     6.94168879950       -0.415827425994E-04
     6.95576930416       -0.258594238528E-03
     6.96984980883       -0.459829782717E-03
     6.98393031349       -0.390275756811E-03
     6.99801081815       -0.391257175471E-03
     7.01209132282       -0.274580661742E-03
     7.02617182748         0.00000000000    
